A: 1030, (6.344, 7.62779, 8.89297), 1.97832
B: 1083, (4.4562, 6.51526, 7.45991), 2.37388
C: 957, (6.76779, 7.38155, 7.00722), 2.07579
D: 1026, (8.63033, 8.56208, 8.55336), 2.54025
